17070946011
157946018
17070946006
147946019
20070946006
20070946001
157946021
147946015
19070946003
20070946008
20070946005
17070946005
20070946010
20070946003
16070946018
19070946005
20070946009
157946006
17070946012
157946007
17070946011
157946018
17070946006
147946019
20070946006
20070946001
157946021
147946015
19070946003
17070946003
17070946005
157946020
16070946018
19070946005
157946006
17070946012
157946007
17070946011
157946018
17070946006
147946019
157946021
147946015
19070946003
157946017
17070946002
19070946010
19070946004
19070946001
147946012
157946004
17070946003
17070946005
157946020
16070946018
19070946005
157946006
17070946012
157946007
17070946011
157946018
17070946006
147946019
157946003
157946021
147946015
19070946003
157946017
17070946002
147946012
157946004
17070946003
17070946005
157946020
16070946018
157946006
17070946012
157946007
17070946011
157946018
17070946006
147946019
157946003
157946021
147946015
157946017
17070946002
16070946005
157946015
147946012
157946004
17070946003
17070946005
157946020
16070946018
157946006
17070946012
157946007
17070946011
157946018
17070946006
147946019
157946003
157946021
147946015
157946017
17070946002
16070946005
157946015
147946012
157946004
17070946003
17070946005
157946020
16070946018
157946006
17070946012
157946007
17070946011
157946018
17070946006
147946019
157946003
157946021
147946015
157946017
17070946002
16070946005
157946015
147946012
157946004
117946001
17070946003
17070946005
157946020
16070946018
157946006
17070946012
157946007
17070946011
157946018
17070946006
147946019
157946003
157946021
147946015
157946017
17070946002
16070946005
157946004
157946020
16070946018
157946006
157946007
157946018
157946003
157946021
157946017
16070946005
157946015
16070946002
157946014
16070946016
16070946012
157946010
147946014
16070946011
157946009
16070946014
147946012
137946003
157946004
117946001
117946002
157946020
16070946018
157946006
157946007
157946018
147946019
157946003
157946021
147946015
157946017
16070946005
157946015
147946016
16070946004
16070946002
147946012
137946003
157946004
117946003
137946020
117946002
137946005
137946015
157946020
157946006
137946004
157946007
157946018
147946019
157946003
157946021
147946015
157946017
137946017
137946011
147946012
097946006
157946004
117946003
117946001
137946020
117946002
137946005
137946015
157946020
087946004
157946006
097946002
137946004
157946007
157946018
147946019
157946003
157946021
147946015
147946012
137946003
117946003
137946020
117946002
137946005
137946015
097946002
137946004
147946019
147946015
137946017
137946011
147946016
147946007
147946001
147946021
137946001
147946009
147946005
107946008
147946012
137946003
117946003
137946020
117946002
137946005
137946015
137946004
107946004
147946019
147946015
087946001
087946005
137946017
137946011
147946016
147946007
147946001
147946021
107946008
137946003
117946003
117946001
137946020
117946002
137946005
137946015
137946004
107946004
087946001
087946005
137946017
137946011
137946001
127946004
137946013
137946014
117946005
107946009
107946008
137946003
117946003
137946020
117946002
137946005
137946015
137946004
137946017
137946011
137946001
137946013
137946014
117946005
137946010
117946006
137946012
107946001
137946002
137946009
107946008
117946003
117946001
117946002
107946003
127946004
117946005
117946006
107946001
127946003
107946002
127946002
127946001
117946003
117946001
117946002
127946004
117946006
127946003
127946002
127946001
107946008
117946003
117946001
117946002
107946004
077946002
107946007
097946001
107946005
107946003
117946004
117946005
107946009
117946006
107946006
097946007
107946001
097946004
097946010
097946003
107946008
117946003
117946001
117946002
107946004
107946007
107946005
107946003
117946004
117946005
107946009
117946006
107946006
107946001
107946002
107946008
107946004
107946007
107946005
107946003
107946009
107946006
107946001
107946002
107946008
097946006
097946002
107946004
107946007
097946001
107946005
107946003
107946009
107946006
097946007
097946008
107946001
097946004
097946010
097946003
107946002
097946011
097946006
097946002
097946001
097946007
097946008
097946004
097946010
097946003
097946011
097946006
097946002
087946006
087946001
087946005
097946001
097946007
097946008
097946004
097946010
097946003
097946011
18070976008
20070976010
19070976007
17070976004
18070976003
20070976006
19070976011
16070976006
16070976001
17070976203
18070976016
16070976007
19070976009
17070976205
19070976010
17070976202
18070976013
17070976001
20070976003
19070976016
18070976008
20070976010
19070976007
17070976004
18070976003
20070976006
19070976011
16070976006
16070976001
17070976203
18070976016
16070976007
19070976009
17070976205
19070976010
17070976202
18070976013
17070976001
20070976003
19070976016
18070976008
157976004
19070976007
17070976004
18070976003
19070976011
16070976006
16070976001
17070976203
18070976016
16070976007
19070976009
17070976205
17070976006
17070976201
19070976010
17070976202
18070976013
17070976001
19070976016
18070976008
157976004
157976013
19070976007
17070976004
18070976003
19070976011
16070976006
16070976001
17070976203
18070976016
16070976007
19070976009
17070976205
17070976006
17070976201
17070976005
19070976010
17070976202
18070976013
18070976008
157976004
157976013
17070976004
18070976003
16070976006
16070976001
17070976203
18070976016
16070976007
17070976205
17070976006
17070976201
17070976005
17070976202
18070976013
17070976001
17070976018
18070976001
147976019
18070976008
157976004
157976013
17070976004
18070976003
16070976006
16070976001
147976015
17070976203
18070976016
16070976007
157976601
17070976205
17070976006
17070976201
17070976005
17070976202
18070976013
157976020
17070976001
157976004
157976013
17070976004
147976008
16070976006
16070976001
147976015
17070976203
16070976007
157976601
17070976205
17070976006
17070976201
17070976005
17070976202
157976020
17070976001
17070976018
147976019
137976006
157976004
157976013
17070976004
147976008
16070976006
16070976001
147976015
17070976203
16070976007
157976601
17070976205
17070976006
17070976201
17070976005
17070976202
147976005
147976016
157976020
17070976001
17070976018
157976004
157976013
147976008
16070976006
16070976001
16070976007
157976601
157976020
157976017
157976014
157976021
157976016
157976018
16070976008
137976011
16070976004
157976015
157976009
16070976002
16070976003
157976004
157976013
147976008
16070976006
16070976001
147976015
16070976007
157976601
147976005
147976016
157976020
137976003
147976019
137976001
137976006
137976008
157976017
147976001
157976014
137976015
157976004
157976013
147976008
147976015
157976601
147976005
147976016
157976020
147976019
157976017
147976001
157976014
157976021
147976002
157976016
147976004
147976011
157976018
147976007
137976011
157976004
157976013
147976008
147976015
157976601
147976005
147976016
157976020
147976019
157976017
147976001
157976014
157976021
147976002
157976016
147976004
147976011
157976018
147976007
157976015
147976008
147976015
147976005
147976016
147976019
147976001
147976002
147976004
147976011
147976007
147976003
147976018
147976006
147976013
147976010
147976017
147976009
147976014
147976012
147976008
147976015
147976005
147976016
137976009
137976003
137976001
137976006
137976008
137976007
137976015
137976002
137976004
147976002
147976004
147976011
137976005
137976014
147976007
137976009
137976003
137976001
137976006
137976008
137976007
137976015
137976002
137976004
137976005
137976014
137976011
137976012
137976010
137976013
137976016
137976009
137976003
137976001
137976006
137976008
137976007
137976015
137976002
137976004
137976005
137976014
137976011
137976012
137976010
137976013
137976016
20070956022
157956019
157956007
20070956027
19070956029
147956016
20070956018
17070956018
19070956006
16070956016
19070956028
19070956032
17070956015
19070956023
19070956003
17070956004
17070956016
20070956010
17070956022
18070956005
20070956022
16070956006
157956019
157956007
20070956027
19070956029
147956016
20070956018
17070956018
19070956006
16070956016
19070956028
19070956032
17070956015
19070956023
19070956003
17070956004
17070956016
20070956010
17070956022
147956002
16070956006
157956019
157956007
19070956029
147956016
17070956018
19070956006
16070956016
19070956028
19070956032
17070956015
19070956023
19070956003
17070956004
17070956016
17070956022
18070956005
147956012
17070956026
147956002
16070956006
17070956013
157956019
157956007
19070956029
147956016
17070956018
19070956006
16070956016
19070956028
19070956032
17070956015
19070956023
19070956003
17070956004
17070956016
17070956022
18070956005
147956012
107956004
147956002
16070956006
17070956013
157956019
157956007
147956016
17070956018
16070956016
17070956015
147956009
17070956004
17070956016
127956004
17070956022
18070956005
147956012
17070956026
157956010
16070956002
107956004
147956002
16070956006
17070956013
157956019
157956007
127956017
147956016
17070956018
16070956016
17070956015
147956009
17070956004
17070956016
127956004
17070956022
097956003
18070956005
147956012
17070956026
137956011
147956002
16070956006
17070956013
157956019
157956007
127956017
147956016
17070956018
16070956016
17070956015
147956009
17070956004
17070956016
127956004
17070956022
147956012
17070956026
157956010
16070956002
107956004
137956011
097956013
147956002
16070956006
17070956013
157956019
157956007
127956017
127956010
147956016
17070956018
16070956016
17070956015
147956009
17070956004
17070956016
127956004
17070956022
097956003
147956002
16070956006
157956019
127956010
147956016
16070956016
147956009
147956012
157956010
16070956002
147956010
127956001
16070956003
147956018
147956017
137956002
117956010
147956015
147956001
157956013
137956011
147956002
16070956006
157956019
127956012
157956007
127956017
127956010
147956016
16070956016
147956009
117956003
127956004
147956012
157956010
16070956002
147956010
127956001
16070956003
147956018
137956011
147956002
157956019
157956007
127956017
127956010
147956016
147956009
117956003
127956004
147956012
157956010
147956010
127956001
147956018
147956017
137956002
117956010
147956015
147956001
137956011
147956002
157956019
157956007
127956010
147956016
107956008
147956009
147956012
157956010
147956010
147956018
107956009
147956017
137956002
147956015
147956001
157956013
137956010
157956003
137956011
147956002
127956010
147956016
147956009
147956012
147956010
147956018
107956009
147956017
087956005
137956002
147956015
147956001
137956010
097956004
147956008
147956005
147956007
117956009
107956004
097956021
137956011
147956002
087956010
117956014
127956010
147956016
147956009
147956012
147956010
147956018
147956017
087956005
087956016
087956001
087956014
137956002
147956015
147956001
097956021
137956011
087956010
127956017
117956014
127956010
117956003
127956004
097956003
127956001
087956005
087956016
087956001
137956002
117956010
127956016
127956014
137956010
097956004
117956011
137956011
127956010
137956002
137956010
097956004
117956009
137956009
097956007
137956005
107956015
097956014
137956008
137956004
137956013
097956015
137956001
137956007
137956012
137956006
137956003
127956012
127956017
117956014
127956010
127956004
127956001
087956009
127956016
127956014
097956004
127956006
08746009
127956013
127956007
117956009
127956005
127956009
097956007
127956008
107956015
127956012
127956017
117956014
127956010
117956003
127956004
127956001
087956006
08746002
127956016
127956014
097956004
127956006
08746009
127956013
127956007
117956009
117956017
127956005
127956009
117956014
117956003
087956004
087956002
077956003
087956009
08746002
117956010
097956004
117956011
08746009
077956005
117956009
117956016
117956015
087956011
117956018
117956017
117956005
097956007
107956004
117956014
107956008
117956003
107956009
087956007
08746002
117956010
097956004
117956011
08746009
107956012
117956009
117956016
117956015
117956018
107956010
107956014
117956017
107956016
097956012
107956004
097956013
107956008
097956003
107956009
08746002
097956020
097956004
08746009
097956019
107956012
097956017
097956016
107956010
107956014
107956016
107956013
097956007
107956011
097956012
107956004
097956013
107956008
097956003
107956009
08746002
097956020
097956004
08746009
097956019
107956012
097956017
097956016
107956010
107956014
107956016
107956013
097956007
107956011
097956012
097956021
097956013
097956003
08746002
097956020
097956004
08746009
097956019
097956017
097956016
097956007
097956002
097956014
097956008
097956015
097956018
097956001
097956011
097956009
097956012
097956021
097956013
087956010
097956003
087956004
087956002
087956009
087956005
087956014
087956007
087956006
08746002
097956020
097956004
08746009
097956019
087956011
087956013
097956017
16070936006
20070936004
20070936003
16070936003
18070936001
20070936001
20070936002
18070936008
16070936009
16070936002
20070936005
16070936010
16070936008
18070936011
19070936001
18070936005
17070936006
147936007
17070936001
19070936002
147936005
16070936006
20070936004
20070936003
16070936003
18070936001
20070936001
137936011
20070936002
18070936008
16070936009
16070936002
20070936005
16070936010
16070936008
18070936011
19070936001
18070936005
17070936006
147936007
147936005
16070936006
127936005
16070936003
18070936001
137936011
18070936008
16070936009
16070936002
137936013
16070936010
16070936008
18070936011
19070936001
18070936005
17070936006
147936007
17070936001
137936005
19070936002
147936005
16070936006
17070936011
127936005
16070936003
18070936001
137936011
157936010
18070936008
17070936009
16070936009
17070936007
16070936002
137936013
16070936010
16070936008
18070936011
19070936001
18070936005
17070936006
147936005
16070936006
17070936011
127936005
16070936003
18070936001
137936011
157936010
147936011
18070936008
17070936009
16070936009
17070936007
16070936002
137936013
16070936010
16070936008
18070936011
18070936005
17070936006
147936005
16070936006
17070936011
127936005
16070936003
137936001
18070936001
137936011
157936010
147936011
18070936008
17070936009
16070936009
17070936007
16070936002
137936013
137936014
16070936010
137936008
16070936008
147936005
16070936006
17070936011
127936005
16070936003
137936001
137936011
157936010
147936011
17070936009
16070936009
17070936007
16070936002
137936013
137936014
16070936010
137936008
16070936008
17070936006
147936007
147936005
16070936006
127936011
127936005
16070936003
137936001
117936012
137936011
157936010
147936011
107936006
16070936009
16070936002
127936007
137936013
137936014
16070936010
087936004
137936002
137936008
16070936006
16070936003
137936001
137936011
157936010
147936011
16070936009
16070936002
127936007
137936013
137936014
16070936010
137936002
137936008
16070936008
137936005
117936009
157936001
157936008
117936008
147936005
16070936006
127936011
127936005
16070936003
137936001
117936012
137936011
157936010
147936011
117936005
16070936009
16070936002
127936007
137936013
137936014
16070936010
117936001
137936002
137936008
147936005
127936011
127936005
137936001
117936012
137936011
157936010
147936011
107936006
117936005
117936003
127936007
137936013
137936014
117936001
137936002
137936008
107936003
127936009
147936007
147936005
127936011
127936005
137936001
117936012
137936011
157936010
147936011
107936006
117936005
117936003
127936007
137936013
137936014
107936007
117936001
137936002
137936008
107936003
127936009
147936005
127936011
127936005
137936001
117936012
137936011
147936011
107936006
117936005
117936003
107936001
127936007
137936013
137936014
087936005
107936007
087936009
087936003
117936001
087936008
147936005
127936011
127936005
137936001
117936012
137936011
147936011
107936006
117936005
117936003
127936007
137936013
137936014
087936009
117936001
137936002
137936008
107936003
127936009
147936007
127936011
127936005
137936001
117936012
137936011
107936006
117936005
117936003
127936007
137936013
137936014
107936007
087936009
087936003
117936001
087936008
137936002
137936008
107936003
127936009
127936011
127936005
137936001
117936012
137936011
107936006
117936005
117936003
127936007
137936013
137936014
117936001
137936002
137936008
107936003
127936009
127936003
127936008
137936005
117936009
127936011
127936005
117936012
107936006
117936005
117936003
127936007
117936001
107936003
127936009
127936003
127936008
117936009
107936009
107936004
107936012
107936008
117936008
117936002
127936001
127936011
127936005
117936012
097936011
107936006
117936005
117936003
127936007
117936001
107936003
127936009
127936003
127936008
117936009
107936009
107936004
107936012
107936008
117936008
117936002
117936012
107936006
117936005
117936003
107936001
107936007
117936001
107936003
117936009
107936009
107936004
117936015
117936006
107936012
107936008
117936008
117936002
117936019
117936004
107936010
117936012
107936006
117936005
117936003
107936001
107936007
117936001
107936003
097936005
117936009
107936009
107936004
117936015
117936006
097936008
107936012
107936008
117936008
117936002
117936019
107936006
107936001
107936007
107936003
107936009
107936004
107936012
107936008
107936010
107936011
107936002
097936001
107936005
097936014
097936011
107936006
107936001
107936007
107936003
097936005
107936009
107936004
097936008
097936002
107936012
107936008
097936012
097936013
097936010
107936010
097936004
107936011
097936003
107936002
097936011
097936005
097936008
097936002
097936012
097936013
097936010
097936004
097936003
097936001
097936007
097936006
097936014
097936009
097936011
087936005
087936006
087936002
087936009
087936003
087936008
097936005
097936008
097936002
097936012
097936013
097936010
097936004
097936003
097936001
097936007
097936006
097936014
097936009
19070966011
20070966005
18070966002
18070966001
20070966011
19070966006
17070966002
17070966005
17070966004
20070966007
19070966002
19070966013
20070966012
17070966006
18070966004
19070966009
19070966012
20070966003
19070966001
20070966001
19070966011
20070966005
18070966002
18070966001
20070966011
19070966006
17070966002
17070966005
17070966004
20070966007
19070966002
19070966013
20070966012
17070966006
18070966004
19070966009
19070966012
20070966003
19070966001
20070966001
19070966011
18070966002
18070966001
19070966006
17070966002
17070966005
17070966004
19070966002
19070966013
17070966006
18070966004
19070966009
19070966012
19070966001
16070966001
137966014
137966008
16070966002
19070966005
137966006
137966002
19070966011
147966001
18070966002
18070966001
19070966006
17070966002
17070966005
17070966004
137966010
19070966002
19070966013
17070966006
18070966004
19070966009
19070966012
19070966001
16070966001
127966015
137966014
137966002
117966006
147966001
18070966002
127966016
127966013
18070966001
17070966002
17070966005
17070966004
137966010
107966006
117966030
117966035
097966008
097966006
097966001
107966026
097966007
17070966006
137966002
117966006
147966001
18070966002
127966016
127966013
18070966001
17070966002
17070966005
107966020
17070966004
137966010
107966006
117966030
117966035
097966008
097966006
097966001
107966026
107966008
117966047
137966002
117966006
147966001
127966016
127966013
17070966002
17070966005
17070966004
137966010
127966003
117966030
117966035
17070966006
117966011
137966012
147966002
117966005
127966009
16070966001
117966047
137966002
117966006
147966001
127966016
127966013
17070966002
17070966005
107966020
17070966004
137966010
107966006
127966003
117966030
117966035
097966005
097966001
107966026
097966007
107966008
117966033
117966047
137966002
117966006
147966001
127966016
127966013
137966010
147966009
117966030
117966011
147966002